1950   1     96.90
1950   2     11.40
1950   3      9.00
1950   4     41.50
1950   5     37.40
1950   6    111.40
1950   7    222.50
1950   8     85.60
1950   9    151.70
1950  10     50.60
1950  11     50.20
1950  12     22.80
1951   1     18.60
1951   2     25.00
1951   3     48.00
1951   4     85.50
1951   5     94.00
1951   6    144.10
1951   7    375.40
1951   8    292.30
1951   9    151.70
1951  10     50.60
1951  11     50.20
1951  12     22.80
1952   1     18.60
1952   2     25.00
1952   3     48.00
1952   4     85.50
1952   5     94.00
1952   6    144.10
1952   7    375.40
1952   8    292.30
1952   9    151.70
1952  10     50.60
1952  11     50.20
1952  12     22.80
1953   1     18.60
1953   2     25.00
1953   3     48.00
1953   4     85.50
1953   5     94.00
1953   6    144.10
1953   7    375.40
1953   8    292.30
1953   9    151.70
1953  10     50.60
1953  11     50.20
1953  12     30.30
1954   1     14.00
1954   2    111.30
1954   3      4.90
1954   4     59.40
1954   5     61.50
1954   6    229.90
1954   7    587.50
1954   8    209.00
1954   9     53.20
1954  10     45.10
1954  11     19.60
1954  12     40.40
1955   1     12.30
1955   2      9.60
1955   3     15.70
1955   4     55.00
1955   5     80.70
1955   6    316.50
1955   7    397.50
1955   8     60.00
1955   9    187.90
1955  10     26.70
1955  11     56.20
1955  12     12.60
1956   1      6.30
1956   2     26.60
1956   3    139.30
1956   4     65.90
1956   5     72.40
1956   6    417.50
1956   7    523.80
1956   8     47.20
1956   9    346.00
1956  10     29.70
1956  11     16.10
1956  12     10.30
1957   1     43.10
1957   2     14.70
1957   3     16.70
1957   4    105.90
1957   5     60.50
1957   6     32.70
1957   7    474.80
1957   8    286.50
1957   9      4.50
1957  10     83.60
1957  11     20.50
1957  12     76.80
1958   1     55.00
1958   2      7.70
1958   3     25.60
1958   4    142.30
1958   5     23.80
1958   6     39.30
1958   7    383.80
1958   8    193.90
1958   9    243.10
1958  10    120.10
1958  11     49.60
1958  12     41.20
1959   1      3.90
1959   2     58.00
1959   3    163.60
1959   4    114.70
1959   5     91.20
1959   6     70.80
1959   7    323.10
1959   8    283.00
1959   9    142.90
1959  10     57.60
1959  11     27.90
1959  12     34.10
1960   1      4.60
1960   2      4.00
1960   3    113.60
1960   4     19.00
1960   5    135.40
1960   6    296.90
1960   7    313.20
1960   8    138.10
1960   9     63.50
1960  10      7.90
1960  11     76.50
1960  12     15.70
1961   1     18.00
1961   2      8.80
1961   3     40.80
1961   4    102.20
1961   5    123.60
1961   6     77.70
1961   7    267.80
1961   8    360.60
1961   9    295.10
1961  10     48.60
1961  11     57.80
1961  12     35.60
1962   1      1.20
1962   2     25.70
1962   3     18.50
1962   4     91.60
1962   5     12.50
1962   6    110.30
1962   7    180.00
1962   8    193.20
1962   9    236.40
1962  10     36.80
1962  11     52.20
1962  12     27.80
1963   1     13.30
1963   2      2.60
1963   3     57.30
1963   4    221.10
1963   5    186.70
1963   6    383.70
1963   7    513.60
1963   8    126.50
1963   9     50.10
1963  10     32.10
1963  11     26.80
1963  12     12.80
1964   1     20.30
1964   2     27.10
1964   3     37.30
1964   4    338.80
1964   5     83.30
1964   6    112.50
1964   7    504.50
1964   8    220.30
1964   9    378.90
1964  10     40.60
1964  11     25.20
1964  12      5.20
1965   1     19.10
1965   2      2.40
1965   3     16.80
1965   4     10.40
1965   5     11.60
1965   6     23.80
1965   7    631.60
1965   8    319.40
1965   9     27.00
1965  10     63.70
1965  11     85.00
1965  12      5.50
1966   1      9.70
1966   2     29.40
1966   3     90.50
1966   4     35.70
1966   5     37.10
1966   6    179.80
1966   7    897.70
1966   8    272.80
1966   9    302.80
1966  10     74.90
1966  11     81.60
1966  12      6.90
1967   1     24.70
1967   2     54.60
1967   3     88.20
1967   4     93.30
1967   5     59.60
1967   6    135.30
1967   7    283.80
1967   8    261.80
1967   9    158.10
1967  10     26.50
1967  11     53.30
1967  12      9.60
1968   1     11.30
1968   2     10.50
1968   3     56.10
1968   4     45.20
1968   5     53.40
1968   6     41.10
1968   7    412.40
1968   8    362.80
1968   9    126.30
1968  10    101.80
1968  11     54.20
1968  12     11.10
1969   1     62.20
1969   2     59.20
1969   3     13.70
1969   4    219.30
1969   5    255.20
1969   6     31.80
1969   7    345.90
1969   8    455.10
1969   9    230.00
1969  10     18.40
1969  11     28.40
1969  12     17.60
1970   1      5.90
1970   2     49.20
1970   3     12.70
1970   4      7.50
1970   5     84.00
1970   6    249.80
1970   7    425.60
1970   8    195.90
1970   9    461.20
1970  10    153.10
1970  11     42.80
1970  12     20.50
1971   1     19.30
1971   2     26.00
1971   3     42.20
1971   4     52.70
1971   5    121.60
1971   6    135.80
1971   7    530.30
1971   8    223.20
1971   9    159.80
1971  10     12.80
1971  11     19.50
1971  12     16.50
1972   1     62.60
1972   2     32.60
1972   3     76.80
1972   4     23.40
1972   5     85.30
1972   6     28.00
1972   7    230.80
1972   8    881.80
1972   9    133.60
1972  10     82.60
1972  11    125.40
1972  12      6.70
1973   1     56.90
1973   2      3.70
1973   3     13.70
1973   4    133.00
1973   5     82.50
1973   6    107.90
1973   7    191.30
1973   8    188.40
1973   9     88.10
1973  10     26.50
1973  11     24.70
1973  12     11.40
1974   1     15.10
1974   2     23.80
1974   3     27.70
1974   4    144.80
1974   5    239.80
1974   6     64.30
1974   7    256.90
1974   8    319.00
1974   9     96.30
1974  10     36.20
1974  11     10.60
1974  12     16.20
1975   1     17.40
1975   2      6.40
1975   3     64.20
1975   4    103.00
1975   5     83.70
1975   6     50.50
1975   7    384.50
1975   8     96.20
1975   9    181.30
1975  10     21.00
1975  11     36.30
1975  12     22.90
1976   1      4.00
1976   2    108.10
1976   3      6.80
1976   4     58.40
1976   5     41.50
1976   6     49.20
1976   7    176.70
1976   8    462.30
1976   9     78.70
1976  10     60.70
1976  11     30.70
1976  12     32.20
1977   1      2.20
1977   2      0.20
1977   3     36.50
1977   4    228.80
1977   5     63.70
1977   6     46.40
1977   7    405.40
1977   8    101.00
1977   9     96.20
1977  10     15.70
1977  11     96.00
1977  12     55.40
1978   1     11.60
1978   2     13.60
1978   3     52.20
1978   4     13.00
1978   5     25.40
1978   6    374.70
1978   7    242.20
1978   8    270.70
1978   9     80.90
1978  10     40.00
1978  11      7.50
1978  12     29.10
1979   1     19.60
1979   2     32.60
1979   3     60.30
1979   4    138.60
1979   5    116.00
1979   6    354.40
1979   7    204.30
1979   8    237.80
1979   9     46.80
1979  10      3.50
1979  11     30.00
1979  12     35.50
1980   1     28.00
1980   2      4.20
1980   3     32.80
1980   4    216.70
1980   5     90.30
1980   6    118.80
1980   7    259.20
1980   8    331.50
1980   9     58.30
1980  10     44.90
1980  11     10.60
1980  12     46.30
1981   1     21.00
1981   2     12.00
1981   3     55.40
1981   4     55.40
1981   5     80.80
1981   6    109.10
1981   7    463.80
1981   8    192.90
1981   9    129.00
1981  10     34.10
1981  11     46.70
1981  12     16.00
1982   1     26.00
1982   2      2.90
1982   3     46.00
1982   4      8.10
1982   5    134.60
1982   6     15.70
1982   7    195.50
1982   8    255.80
1982   9      4.80
1982  10     46.50
1982  11    164.80
1982  12     48.60
1983   1     11.10
1983   2     11.70
1983   3     67.50
1983   4    113.40
1983   5     69.00
1983   6     27.40
1983   7    398.60
1983   8    132.20
1983   9    253.40
1983  10     82.20
1983  11     28.70
1983  12      9.90
1984   1     10.70
1984   2     14.90
1984   3     11.40
1984   4     41.80
1984   5     35.20
1984   6    105.50
1984   7    269.90
1984   8    330.90
1984   9    348.10
1984  10     21.40
1984  11     35.50
1984  12     24.20
1985   1     31.20
1985   2     25.90
1985   3     57.80
1985   4     69.00
1985   5    177.40
1985   6     85.40
1985   7    185.20
1985   8    438.90
1985   9    171.70
1985  10    177.80
1985  11     82.40
1985  12     41.90
1986   1     11.70
1986   2      8.30
1986   3     44.30
1986   4     20.60
1986   5     71.50
1986   6    117.10
1986   7    351.80
1986   8    370.30
1986   9    101.00
1986  10     79.60
1986  11     39.30
1986  12     31.90
1987   1     43.40
1987   2     36.20
1987   3     34.20
1987   4     55.30
1987   5    126.60
1987   6    130.30
1987   7    651.20
1987   8    521.80
1987   9     61.10
1987  10     21.90
1987  11     66.80
1987  12      2.60
1988   1      3.30
1988   2      4.50
1988   3     31.30
1988   4     60.50
1988   5     42.80
1988   6     73.70
1988   7    382.30
1988   8     81.30
1988   9     39.70
1988  10      8.40
1988  11     21.10
1988  12     11.90
1989   1     44.60
1989   2     32.70
1989   3    116.70
1989   4     14.00
1989   5     41.10
1989   6    177.10
1989   7    343.50
1989   8    329.40
1989   9    101.20
1989  10     69.90
1989  11    154.50
1989  12     12.40
1990   1     62.20
1990   2     64.80
1990   3     92.30
1990   4     94.20
1990   5    122.80
1990   6    497.20
1990   7    486.50
1990   8    283.50
1990   9    570.10
1990  10      0.00
1990  11     56.00
1990  12     25.90
1991   1     14.40
1991   2     28.40
1991   3     65.50
1991   4     48.50
1991   5     83.20
1991   6     81.80
1991   7    487.80
1991   8     68.20
1991   9    175.20
1991  10     27.30
1991  11     35.00
1991  12     42.90
1992   1     13.60
1992   2     24.10
1992   3     11.20
1992   4     76.50
1992   5    155.50
1992   6     99.60
1992   7    270.10
1992   8    418.80
1992   9    168.50
1992  10     33.60
1992  11     89.50
1992  12     71.40
1993   1      2.20
1993   2     69.50
1993   3     29.20
1993   4     85.50
1993   5    135.70
1993   6    198.20
1993   7    424.40
1993   8    197.80
1993   9     56.10
1993  10     15.40
1993  11     66.60
1993  12     12.10
1994   1      6.50
1994   2     14.80
1994   3     31.70
1994   4     44.90
1994   5    152.40
1994   6     85.00
1994   7    139.50
1994   8    232.70
1994   9     60.70
1994  10    214.50
1994  11     49.60
1994  12     23.50
1995   1     11.60
1995   2      5.20
1995   3     60.60
1995   4     44.40
1995   5     60.60
1995   6     70.70
1995   7    436.10
1995   8    786.60
1995   9     47.20
1995  10     39.30
1995  11     32.90
1995  12      3.40
1996   1     16.30
1996   2      0.90
1996   3     77.90
1996   4     62.00
1996   5     29.30
1996   6    249.70
1996   7    512.80
1996   8    132.40
1996   9     11.00
1996  10     90.30
1996  11     62.90
1996  12     11.00
1997   1     16.80
1997   2     39.60
1997   3     25.30
1997   4     56.10
1997   5    291.30
1997   6    110.00
1997   7    299.60
1997   8    117.20
1997   9     76.90
1997  10     45.50
1997  11     93.80
1997  12     38.10
1998   1     10.40
1998   2     32.30
1998   3     45.10
1998   4    120.20
1998   5    121.50
1998   6    234.10
1998   7    311.80
1998   8   1237.80
1998   9    177.90
1998  10     27.40
1998  11     26.90
1998  12      3.70
1999   1     10.20
1999   2      2.90
1999   3     55.00
1999   4     97.20
1999   5    109.70
1999   6    131.80
1999   7    230.40
1999   8    600.50
1999   9    377.30
1999  10     81.60
1999  11     19.50
1999  12     17.00
2000   1     42.80
2000   2      2.10
2000   3      3.10
2000   4     30.70
2000   5     75.20
2000   6     68.10
2000   7    114.70
2000   8    599.40
2000   9    178.50
2000  10     18.10
2000  11     27.10
2000  12     27.00
2001   1     39.40
2001   2     45.70
2001   3     18.10
2001   4     12.30
2001   5     16.50
2001   6    157.40
2001   7    698.40
2001   8    252.00
2001   9     49.30
2001  10     68.20
2001  11     13.00
2001  12     15.70
2002   1     37.40
2002   2      2.40
2002   3     31.50
2002   4    155.10
2002   5     58.00
2002   6     61.40
2002   7    220.60
2002   8    688.00
2002   9     61.10
2002  10     45.00
2002  11     12.50
2002  12     15.00
2003   1     14.10
2003   2     39.60
2003   3     26.80
2003   4    139.60
2003   5    106.00
2003   6    156.00
2003   7    451.80
2003   8    684.20
2003   9    258.20
2003  10     41.50
2003  11     69.30
2003  12      6.90
2004   1     19.80
2004   2     54.60
2004   3     27.60
2004   4     74.10
2004   5    168.50
2004   6    138.10
2004   7    510.70
2004   8    193.30
2004   9    198.70
2004  10      6.50
2004  11     80.00
2004  12     27.20
2005   1      4.50
2005   2     17.20
2005   3     12.50
2005   4     94.70
2005   5     85.80
2005   6    168.50
2005   7    269.40
2005   8    285.00
2005   9    313.30
2005  10     52.60
2005  11     44.60
2005  12     10.30
2006   1     34.30
2006   2     15.70
2006   3     14.00
2006   4     51.80
2006   5    156.20
2006   6    168.50
2006   7   1014.00
2006   8    121.20
2006   9     11.10
2006  10     30.20
2006  11     47.60
2006  12     17.30
2007   1     10.80
2007   2     12.60
2007   3    123.50
2007   4     41.10
2007   5    137.60
2007   6     54.50
2007   7    274.10
2007   8    237.60
2007   9    241.90
2007  10     39.50
2007  11     26.40
2007  12     12.70
2008   1     17.70
2008   2     15.00
2008   3     53.90
2008   4     38.50
2008   5     97.70
2008   6    165.00
2008   7    530.80
2008   8    251.20
2008   9     99.20
2008  10     41.80
2008  11     19.60
2008  12     25.90
2009   1      5.70
2009   2     36.90
2009   3     63.90
2009   4     66.50
2009   5    109.00
2009   6    132.00
2009   7    659.40
2009   8    285.30
2009   9     64.50
2009  10     66.90
2009  11     52.40
2009  12     21.50
2010   1     29.30
2010   2     55.30
2010   3     82.50
2010   4     62.80
2010   5    124.00
2010   6    127.60
2010   7    239.20
2010   8    598.70
2010   9    671.50
2010  10     25.60
2010  11     10.90
2010  12     16.10
